Best score: 31.127173474319573
Number of distinct solutions: 1
Best route: [0, 4, 6, 3, 1, 8, 7, 2, 9, 5, 0]
[[0. 0. 0. 0. 1. 1. 0. 0. 0. 0.]
 [0. 0. 0. 1. 0. 0. 0. 0. 1. 0.]
 [0. 0. 0. 0. 0. 0. 0. 1. 0. 1.]
 [0. 1. 0. 0. 0. 0. 1. 0. 0. 0.]
 [1. 0. 0. 0. 0. 0. 1. 0. 0. 0.]
 [1. 0. 0. 0. 0. 0. 0. 0. 0. 1.]
 [0. 0. 0. 1. 1. 0. 0. 0. 0. 0.]
 [0. 0. 1. 0. 0. 0. 0. 0. 1. 0.]
 [0. 1. 0. 0. 0. 0. 0. 1. 0. 0.]
 [0. 0. 1. 0. 0. 1. 0. 0. 0. 0.]]
Second best score: 31.59507094912286
Energy difference: -0.46789747480328714
Time: 116.5335 s
