0 36.59677548897662 [array([[0., 1., 0., 0., 0., 1.],
       [1., 0., 1., 0., 0., 0.],
       [0., 1., 0., 1., 0., 0.],
       [0., 0., 1., 0., 1., 0.],
       [0., 0., 0., 1., 0., 1.],
       [1., 0., 0., 0., 1., 0.]])]
1 36.32359994765916 [array([[0., 1., 0., 0., 0., 1.],
       [1., 0., 1., 0., 0., 0.],
       [0., 1., 0., 0., 1., 0.],
       [0., 0., 0., 0., 1., 1.],
       [0., 0., 1., 1., 0., 0.],
       [1., 0., 0., 1., 0., 0.]])]
2 45.98806789927684 [array([[0., 1., 0., 0., 0., 1.],
       [1., 0., 0., 1., 0., 0.],
       [0., 0., 0., 1., 1., 0.],
       [0., 1., 1., 0., 0., 0.],
       [0., 0., 1., 0., 0., 1.],
       [1., 0., 0., 0., 1., 0.]])]
3 34.951873459212486 [array([[0., 1., 0., 0., 0., 1.],
       [1., 0., 0., 1., 0., 0.],
       [0., 0., 0., 0., 1., 1.],
       [0., 1., 0., 0., 1., 0.],
       [0., 0., 1., 1., 0., 0.],
       [1., 0., 1., 0., 0., 0.]])]
4 45.761724947456585 [array([[0., 1., 0., 0., 0., 1.],
       [1., 0., 0., 0., 1., 0.],
       [0., 0., 0., 1., 1., 0.],
       [0., 0., 1., 0., 0., 1.],
       [0., 1., 1., 0., 0., 0.],
       [1., 0., 0., 1., 0., 0.]])]
5 34.99870604870968 [array([[0., 1., 0., 0., 0., 1.],
       [1., 0., 0., 0., 1., 0.],
       [0., 0., 0., 1., 0., 1.],
       [0., 0., 1., 0., 1., 0.],
       [0., 1., 0., 1., 0., 0.],
       [1., 0., 1., 0., 0., 0.]])]
6 31.48783383765341 [array([[0., 0., 1., 0., 0., 1.],
       [0., 0., 1., 1., 0., 0.],
       [1., 1., 0., 0., 0., 0.],
       [0., 1., 0., 0., 1., 0.],
       [0., 0., 0., 1., 0., 1.],
       [1., 0., 0., 0., 1., 0.]])]
7 31.261490885833148 [array([[0., 0., 1., 0., 0., 1.],
       [0., 0., 1., 0., 1., 0.],
       [1., 1., 0., 0., 0., 0.],
       [0., 0., 0., 0., 1., 1.],
       [0., 1., 0., 1., 0., 0.],
       [1., 0., 0., 1., 0., 0.]])]
8 40.925958837450835 [array([[0., 0., 1., 0., 0., 1.],
       [0., 0., 0., 1., 1., 0.],
       [1., 0., 0., 1., 0., 0.],
       [0., 1., 1., 0., 0., 0.],
       [0., 1., 0., 0., 0., 1.],
       [1., 0., 0., 0., 1., 0.]])]
9 34.40935540011656 [array([[0., 0., 1., 0., 0., 1.],
       [0., 0., 0., 0., 1., 1.],
       [1., 0., 0., 1., 0., 0.],
       [0., 0., 1., 0., 1., 0.],
       [0., 1., 0., 1., 0., 0.],
       [1., 1., 0., 0., 0., 0.]])]
10 40.65278329613337 [array([[0., 0., 1., 0., 0., 1.],
       [0., 0., 0., 1., 1., 0.],
       [1., 0., 0., 0., 1., 0.],
       [0., 1., 0., 0., 0., 1.],
       [0., 1., 1., 0., 0., 0.],
       [1., 0., 0., 1., 0., 0.]])]
11 34.36252281061937 [array([[0., 0., 1., 0., 0., 1.],
       [0., 0., 0., 1., 0., 1.],
       [1., 0., 0., 0., 1., 0.],
       [0., 1., 0., 0., 1., 0.],
       [0., 0., 1., 1., 0., 0.],
       [1., 1., 0., 0., 0., 0.]])]
12 44.6763179261775 [array([[0., 0., 0., 1., 0., 1.],
       [0., 0., 1., 1., 0., 0.],
       [0., 1., 0., 0., 1., 0.],
       [1., 1., 0., 0., 0., 0.],
       [0., 0., 1., 0., 0., 1.],
       [1., 0., 0., 0., 1., 0.]])]
13 43.07824848591055 [array([[0., 0., 0., 1., 0., 1.],
       [0., 0., 0., 1., 1., 0.],
       [0., 0., 0., 0., 1., 1.],
       [1., 1., 0., 0., 0., 0.],
       [0., 1., 1., 0., 0., 0.],
       [1., 0., 1., 0., 0., 0.]])]
14 44.723150515674696 [array([[0., 0., 0., 1., 0., 1.],
       [0., 0., 1., 0., 1., 0.],
       [0., 1., 0., 1., 0., 0.],
       [1., 0., 1., 0., 0., 0.],
       [0., 1., 0., 0., 0., 1.],
       [1., 0., 0., 0., 1., 0.]])]
15 47.597839488640645 [array([[0., 0., 0., 1., 0., 1.],
       [0., 0., 0., 0., 1., 1.],
       [0., 0., 0., 1., 1., 0.],
       [1., 0., 1., 0., 0., 0.],
       [0., 1., 1., 0., 0., 0.],
       [1., 1., 0., 0., 0., 0.]])]
16 33.68695607561033 [array([[0., 0., 0., 1., 0., 1.],
       [0., 0., 1., 0., 1., 0.],
       [0., 1., 0., 0., 0., 1.],
       [1., 0., 0., 0., 1., 0.],
       [0., 1., 0., 1., 0., 0.],
       [1., 0., 1., 0., 0., 0.]])]
17 38.15971448884322 [array([[0., 0., 0., 1., 0., 1.],
       [0., 0., 1., 0., 0., 1.],
       [0., 1., 0., 0., 1., 0.],
       [1., 0., 0., 0., 1., 0.],
       [0., 0., 1., 1., 0., 0.],
       [1., 1., 0., 0., 0., 0.]])]
18 44.59918790519578 [array([[0., 0., 0., 0., 1., 1.],
       [0., 0., 1., 0., 1., 0.],
       [0., 1., 0., 1., 0., 0.],
       [0., 0., 1., 0., 0., 1.],
       [1., 1., 0., 0., 0., 0.],
       [1., 0., 0., 1., 0., 0.]])]
19 43.2274614167491 [array([[0., 0., 0., 0., 1., 1.],
       [0., 0., 0., 1., 1., 0.],
       [0., 0., 0., 1., 0., 1.],
       [0., 1., 1., 0., 0., 0.],
       [1., 1., 0., 0., 0., 0.],
       [1., 0., 1., 0., 0., 0.]])]
20 44.55235531569858 [array([[0., 0., 0., 0., 1., 1.],
       [0., 0., 1., 1., 0., 0.],
       [0., 1., 0., 0., 1., 0.],
       [0., 1., 0., 0., 0., 1.],
       [1., 0., 1., 0., 0., 0.],
       [1., 0., 0., 1., 0., 0.]])]
21 47.70021982998199 [array([[0., 0., 0., 0., 1., 1.],
       [0., 0., 0., 1., 0., 1.],
       [0., 0., 0., 1., 1., 0.],
       [0., 1., 1., 0., 0., 0.],
       [1., 0., 1., 0., 0., 0.],
       [1., 1., 0., 0., 0., 0.]])]
22 33.789336416951684 [array([[0., 0., 0., 0., 1., 1.],
       [0., 0., 1., 1., 0., 0.],
       [0., 1., 0., 0., 0., 1.],
       [0., 1., 0., 0., 1., 0.],
       [1., 0., 0., 1., 0., 0.],
       [1., 0., 1., 0., 0., 0.]])]
23 38.308927419681766 [array([[0., 0., 0., 0., 1., 1.],
       [0., 0., 1., 0., 0., 1.],
       [0., 1., 0., 1., 0., 0.],
       [0., 0., 1., 0., 1., 0.],
       [1., 0., 0., 1., 0., 0.],
       [1., 1., 0., 0., 0., 0.]])]
24 36.91125985154492 [array([[0., 1., 1., 0., 0., 0.],
       [1., 0., 0., 0., 0., 1.],
       [1., 0., 0., 1., 0., 0.],
       [0., 0., 1., 0., 1., 0.],
       [0., 0., 0., 1., 0., 1.],
       [0., 1., 0., 0., 1., 0.]])]
25 36.638084310227455 [array([[0., 1., 1., 0., 0., 0.],
       [1., 0., 0., 0., 0., 1.],
       [1., 0., 0., 0., 1., 0.],
       [0., 0., 0., 0., 1., 1.],
       [0., 0., 1., 1., 0., 0.],
       [0., 1., 0., 1., 0., 0.]])]
26 50.099743940069004 [array([[0., 1., 0., 1., 0., 0.],
       [1., 0., 0., 0., 0., 1.],
       [0., 0., 0., 1., 1., 0.],
       [1., 0., 1., 0., 0., 0.],
       [0., 0., 1., 0., 0., 1.],
       [0., 1., 0., 0., 1., 0.]])]
27 39.06354950000464 [array([[0., 1., 0., 1., 0., 0.],
       [1., 0., 0., 0., 0., 1.],
       [0., 0., 0., 0., 1., 1.],
       [1., 0., 0., 0., 1., 0.],
       [0., 0., 1., 1., 0., 0.],
       [0., 1., 1., 0., 0., 0.]])]
28 49.97578132959009 [array([[0., 1., 0., 0., 1., 0.],
       [1., 0., 0., 0., 0., 1.],
       [0., 0., 0., 1., 1., 0.],
       [0., 0., 1., 0., 0., 1.],
       [1., 0., 1., 0., 0., 0.],
       [0., 1., 0., 1., 0., 0.]])]
29 39.212762430843185 [array([[0., 1., 0., 0., 1., 0.],
       [1., 0., 0., 0., 0., 1.],
       [0., 0., 0., 1., 0., 1.],
       [0., 0., 1., 0., 1., 0.],
       [1., 0., 0., 1., 0., 0.],
       [0., 1., 1., 0., 0., 0.]])]
30 35.59950987844557 [array([[0., 0., 1., 1., 0., 0.],
       [0., 0., 1., 0., 0., 1.],
       [1., 1., 0., 0., 0., 0.],
       [1., 0., 0., 0., 1., 0.],
       [0., 0., 0., 1., 0., 1.],
       [0., 1., 0., 0., 1., 0.]])]
31 35.475547267966654 [array([[0., 0., 1., 0., 1., 0.],
       [0., 0., 1., 0., 0., 1.],
       [1., 1., 0., 0., 0., 0.],
       [0., 0., 0., 0., 1., 1.],
       [1., 0., 0., 1., 0., 0.],
       [0., 1., 0., 1., 0., 0.]])]
32 48.937206897808196 [array([[0., 0., 0., 1., 1., 0.],
       [0., 0., 1., 0., 0., 1.],
       [0., 1., 0., 1., 0., 0.],
       [1., 0., 1., 0., 0., 0.],
       [1., 0., 0., 0., 0., 1.],
       [0., 1., 0., 0., 1., 0.]])]
33 48.66403135649074 [array([[0., 0., 0., 1., 1., 0.],
       [0., 0., 1., 0., 0., 1.],
       [0., 1., 0., 0., 1., 0.],
       [1., 0., 0., 0., 0., 1.],
       [1., 0., 1., 0., 0., 0.],
       [0., 1., 0., 1., 0., 0.]])]
34 44.9908022887458 [array([[0., 0., 1., 1., 0., 0.],
       [0., 0., 0., 1., 0., 1.],
       [1., 0., 0., 0., 1., 0.],
       [1., 1., 0., 0., 0., 0.],
       [0., 0., 1., 0., 0., 1.],
       [0., 1., 0., 0., 1., 0.]])]
35 47.29230486804406 [array([[0., 0., 0., 1., 1., 0.],
       [0., 0., 0., 1., 0., 1.],
       [0., 0., 0., 0., 1., 1.],
       [1., 1., 0., 0., 0., 0.],
       [1., 0., 1., 0., 0., 0.],
       [0., 1., 1., 0., 0., 0.]])]
36 45.14001521958434 [array([[0., 0., 1., 0., 1., 0.],
       [0., 0., 0., 1., 0., 1.],
       [1., 0., 0., 1., 0., 0.],
       [0., 1., 1., 0., 0., 0.],
       [1., 0., 0., 0., 0., 1.],
       [0., 1., 0., 0., 1., 0.]])]
37 34.103820779519985 [array([[0., 0., 1., 0., 1., 0.],
       [0., 0., 0., 1., 0., 1.],
       [1., 0., 0., 0., 0., 1.],
       [0., 1., 0., 0., 1., 0.],
       [1., 0., 0., 1., 0., 0.],
       [0., 1., 1., 0., 0., 0.]])]
38 44.91367226776407 [array([[0., 0., 1., 0., 1., 0.],
       [0., 0., 0., 0., 1., 1.],
       [1., 0., 0., 1., 0., 0.],
       [0., 0., 1., 0., 0., 1.],
       [1., 1., 0., 0., 0., 0.],
       [0., 1., 0., 1., 0., 0.]])]
39 47.339137457541256 [array([[0., 0., 0., 1., 1., 0.],
       [0., 0., 0., 0., 1., 1.],
       [0., 0., 0., 1., 0., 1.],
       [1., 0., 1., 0., 0., 0.],
       [1., 1., 0., 0., 0., 0.],
       [0., 1., 1., 0., 0., 0.]])]
40 44.76445933692553 [array([[0., 0., 1., 1., 0., 0.],
       [0., 0., 0., 0., 1., 1.],
       [1., 0., 0., 0., 1., 0.],
       [1., 0., 0., 0., 0., 1.],
       [0., 1., 1., 0., 0., 0.],
       [0., 1., 0., 1., 0., 0.]])]
41 34.00144043817863 [array([[0., 0., 1., 1., 0., 0.],
       [0., 0., 0., 0., 1., 1.],
       [1., 0., 0., 0., 0., 1.],
       [1., 0., 0., 0., 1., 0.],
       [0., 1., 0., 1., 0., 0.],
       [0., 1., 1., 0., 0., 0.]])]
42 32.39166884881483 [array([[0., 1., 1., 0., 0., 0.],
       [1., 0., 0., 1., 0., 0.],
       [1., 0., 0., 0., 0., 1.],
       [0., 1., 0., 0., 1., 0.],
       [0., 0., 0., 1., 0., 1.],
       [0., 0., 1., 0., 1., 0.]])]
43 32.165325896994574 [array([[0., 1., 1., 0., 0., 0.],
       [1., 0., 0., 0., 1., 0.],
       [1., 0., 0., 0., 0., 1.],
       [0., 0., 0., 0., 1., 1.],
       [0., 1., 0., 1., 0., 0.],
       [0., 0., 1., 1., 0., 0.]])]
44 40.51804387551291 [array([[0., 0., 1., 1., 0., 0.],
       [0., 0., 0., 1., 1., 0.],
       [1., 0., 0., 0., 0., 1.],
       [1., 1., 0., 0., 0., 0.],
       [0., 1., 0., 0., 0., 1.],
       [0., 0., 1., 0., 1., 0.]])]
45 40.39408126503399 [array([[0., 0., 1., 0., 1., 0.],
       [0., 0., 0., 1., 1., 0.],
       [1., 0., 0., 0., 0., 1.],
       [0., 1., 0., 0., 0., 1.],
       [1., 1., 0., 0., 0., 0.],
       [0., 0., 1., 1., 0., 0.]])]
46 36.18886052703869 [array([[0., 1., 0., 1., 0., 0.],
       [1., 0., 1., 0., 0., 0.],
       [0., 1., 0., 0., 0., 1.],
       [1., 0., 0., 0., 1., 0.],
       [0., 0., 0., 1., 0., 1.],
       [0., 0., 1., 0., 1., 0.]])]
47 36.06489791655977 [array([[0., 1., 0., 0., 1., 0.],
       [1., 0., 1., 0., 0., 0.],
       [0., 1., 0., 0., 0., 1.],
       [0., 0., 0., 0., 1., 1.],
       [1., 0., 0., 1., 0., 0.],
       [0., 0., 1., 1., 0., 0.]])]
48 44.417615895078114 [array([[0., 0., 0., 1., 1., 0.],
       [0., 0., 1., 1., 0., 0.],
       [0., 1., 0., 0., 0., 1.],
       [1., 1., 0., 0., 0., 0.],
       [1., 0., 0., 0., 0., 1.],
       [0., 0., 1., 0., 1., 0.]])]
49 44.19127294325785 [array([[0., 0., 0., 1., 1., 0.],
       [0., 0., 1., 0., 1., 0.],
       [0., 1., 0., 0., 0., 1.],
       [1., 0., 0., 0., 0., 1.],
       [1., 1., 0., 0., 0., 0.],
       [0., 0., 1., 1., 0., 0.]])]
50 45.62698552683611 [array([[0., 1., 0., 1., 0., 0.],
       [1., 0., 0., 0., 1., 0.],
       [0., 0., 0., 1., 0., 1.],
       [1., 0., 1., 0., 0., 0.],
       [0., 1., 0., 0., 0., 1.],
       [0., 0., 1., 0., 1., 0.]])]
51 45.72936586817746 [array([[0., 1., 0., 0., 1., 0.],
       [1., 0., 0., 1., 0., 0.],
       [0., 0., 0., 1., 0., 1.],
       [0., 1., 1., 0., 0., 0.],
       [1., 0., 0., 0., 0., 1.],
       [0., 0., 1., 0., 1., 0.]])]
52 45.456190326859996 [array([[0., 1., 0., 0., 1., 0.],
       [1., 0., 0., 1., 0., 0.],
       [0., 0., 0., 0., 1., 1.],
       [0., 1., 0., 0., 0., 1.],
       [1., 0., 1., 0., 0., 0.],
       [0., 0., 1., 1., 0., 0.]])]
53 45.35380998551865 [array([[0., 1., 0., 1., 0., 0.],
       [1., 0., 0., 0., 1., 0.],
       [0., 0., 0., 0., 1., 1.],
       [1., 0., 0., 0., 0., 1.],
       [0., 1., 1., 0., 0., 0.],
       [0., 0., 1., 1., 0., 0.]])]
54 46.95187942578559 [array([[0., 1., 0., 1., 0., 0.],
       [1., 0., 1., 0., 0., 0.],
       [0., 1., 0., 0., 1., 0.],
       [1., 0., 0., 0., 0., 1.],
       [0., 0., 1., 0., 0., 1.],
       [0., 0., 0., 1., 1., 0.]])]
55 41.889770363959585 [array([[0., 0., 1., 1., 0., 0.],
       [0., 0., 1., 0., 1., 0.],
       [1., 1., 0., 0., 0., 0.],
       [1., 0., 0., 0., 0., 1.],
       [0., 1., 0., 0., 0., 1.],
       [0., 0., 0., 1., 1., 0.]])]
56 43.15468774756173 [array([[0., 1., 1., 0., 0., 0.],
       [1., 0., 0., 1., 0., 0.],
       [1., 0., 0., 0., 1., 0.],
       [0., 1., 0., 0., 0., 1.],
       [0., 0., 1., 0., 0., 1.],
       [0., 0., 0., 1., 1., 0.]])]
57 41.99215070530093 [array([[0., 0., 1., 0., 1., 0.],
       [0., 0., 1., 1., 0., 0.],
       [1., 1., 0., 0., 0., 0.],
       [0., 1., 0., 0., 0., 1.],
       [1., 0., 0., 0., 0., 1.],
       [0., 0., 0., 1., 1., 0.]])]
58 43.20152033705893 [array([[0., 1., 1., 0., 0., 0.],
       [1., 0., 0., 0., 1., 0.],
       [1., 0., 0., 1., 0., 0.],
       [0., 0., 1., 0., 0., 1.],
       [0., 1., 0., 0., 0., 1.],
       [0., 0., 0., 1., 1., 0.]])]
59 47.101092356624136 [array([[0., 1., 0., 0., 1., 0.],
       [1., 0., 1., 0., 0., 0.],
       [0., 1., 0., 1., 0., 0.],
       [0., 0., 1., 0., 0., 1.],
       [1., 0., 0., 0., 0., 1.],
       [0., 0., 0., 1., 1., 0.]])]
