0 28.416964702393585
[0, 1, 2, 3, 4, 0] 
[array([[0., 1., 0., 0., 1.],
       [1., 0., 1., 0., 0.],
       [0., 1., 0., 1., 0.],
       [0., 0., 1., 0., 1.],
       [1., 0., 0., 1., 0.]])] 
1 28.143789161076125
[0, 1, 3, 2, 4, 0] 
[array([[0., 1., 0., 0., 1.],
       [1., 0., 0., 1., 0.],
       [0., 0., 0., 1., 1.],
       [0., 1., 1., 0., 0.],
       [1., 0., 1., 0., 0.]])] 
2 41.60544879091767
[0, 2, 1, 3, 4, 0] 
[array([[0., 0., 1., 0., 1.],
       [0., 0., 1., 1., 0.],
       [1., 1., 0., 0., 0.],
       [0., 1., 0., 0., 1.],
       [1., 0., 0., 1., 0.]])] 
3 30.56925435085331
[0, 2, 3, 1, 4, 0] 
[array([[0., 0., 1., 0., 1.],
       [0., 0., 0., 1., 1.],
       [1., 0., 0., 1., 0.],
       [0., 1., 1., 0., 0.],
       [1., 1., 0., 0., 0.]])] 
4 41.48148618043875
[0, 3, 1, 2, 4, 0] 
[array([[0., 0., 0., 1., 1.],
       [0., 0., 1., 1., 0.],
       [0., 1., 0., 0., 1.],
       [1., 1., 0., 0., 0.],
       [1., 0., 1., 0., 0.]])] 
5 30.718467281691854
[0, 3, 2, 1, 4, 0] 
[array([[0., 0., 0., 1., 1.],
       [0., 0., 1., 0., 1.],
       [0., 1., 0., 1., 0.],
       [1., 0., 1., 0., 0.],
       [1., 1., 0., 0., 0.]])] 
6 28.00904974045566
[0, 1, 4, 3, 2, 0] 
[array([[0., 1., 1., 0., 0.],
       [1., 0., 0., 0., 1.],
       [1., 0., 0., 1., 0.],
       [0., 0., 1., 0., 1.],
       [0., 1., 0., 1., 0.]])] 
7 27.885087129976746
[0, 1, 4, 2, 3, 0] 
[array([[0., 1., 0., 1., 0.],
       [1., 0., 0., 0., 1.],
       [0., 0., 0., 1., 1.],
       [1., 0., 1., 0., 0.],
       [0., 1., 1., 0., 0.]])] 
8 41.34674675981829
[0, 2, 1, 4, 3, 0] 
[array([[0., 0., 1., 1., 0.],
       [0., 0., 1., 0., 1.],
       [1., 1., 0., 0., 0.],
       [1., 0., 0., 0., 1.],
       [0., 1., 0., 1., 0.]])] 
9 41.07357121850083
[0, 2, 4, 1, 3, 0] 
[array([[0., 0., 1., 1., 0.],
       [0., 0., 0., 1., 1.],
       [1., 0., 0., 0., 1.],
       [1., 1., 0., 0., 0.],
       [0., 1., 1., 0., 0.]])] 
10 38.77206863920256
[0, 1, 3, 4, 2, 0] 
[array([[0., 1., 1., 0., 0.],
       [1., 0., 0., 1., 0.],
       [1., 0., 0., 0., 1.],
       [0., 1., 0., 0., 1.],
       [0., 0., 1., 1., 0.]])] 
11 38.9212815700411
[0, 1, 2, 4, 3, 0] 
[array([[0., 1., 0., 1., 0.],
       [1., 0., 1., 0., 0.],
       [0., 1., 0., 0., 1.],
       [1., 0., 0., 0., 1.],
       [0., 0., 1., 1., 0.]])] 
